Gm28551	Srd5a1	BC017643	Myl6b	Xk	Kin	Gm6634	Mcur1	Slc39a8	Krcc1	Lyz2	Gm22582	Rplp1-ps1	Gpcpd1	Gm28941
TCTAATGGCTAC	-0.060066094329751	-0.135633045953805	-0.29000851075476	-0.0930623807120166	-0.124933352555711	-0.40332412537341	-0.0554066787410747	3.1398959738336	-0.133323270916973	-0.812389487997032	0.713246353281955	-0.0459449555185954	-0.0716731397133366	-0.580716217232181	-0.0581528325314714
TGATGAAGACTC	-0.060066094329751	-0.135633045953805	-0.29000851075476	-0.0930623807120166	-0.124933352555711	-0.40332412537341	-0.0554066787410747	0.865751335051328	-0.133323270916973	1.08266903959191	-0.424386049657241	-0.0459449555185954	-0.0716731397133366	-0.580716217232181	-0.0581528325314714
GAAGAGTTATGC	-0.060066094329751	-0.135633045953805	3.54982638124907	-0.0930623807120166	-0.124933352555711	-0.40332412537341	-0.0554066787410747	1.87686872803563	-0.133323270916973	0.229830871899529	0.097407521379023	-0.0459449555185954	-0.0716731397133366	2.26877943254399	-0.0581528325314714
GCTAGATCATTT	-0.060066094329751	-0.135633045953805	-0.29000851075476	-0.0930623807120166	-0.124933352555711	-0.40332412537341	-0.0554066787410747	-0.612147242957876	-0.133323270916973	-0.812389487997032	-0.424386049657241	-0.0459449555185954	-0.0716731397133366	-0.580716217232181	-0.0581528325314714
TCCGTCATCGTC	-0.060066094329751	-0.135633045953805	-0.29000851075476	-0.0930623807120166	-0.124933352555711	0.966721514063472	-0.0554066787410747	0.397816381931188	-0.133323270916973	0.0298226328903538	-0.424386049657241	-0.0459449555185954	-0.0716731397133366	-0.580716217232181	-0.0581528325314714
GCCTAGTCCATG	-0.060066094329751	-0.135633045953805	-0.29000851075476	-0.0930623807120166	-0.124933352555711	-0.40332412537341	-0.0554066787410747	1.28268623088832	-0.133323270916973	0.767718626205311	-0.424386049657241	-0.0459449555185954	-0.0716731397133366	-0.580716217232181	-0.0581528325314714
GCCCGTGGCCTG	-0.060066094329751	-0.135633045953805	-0.29000851075476	-0.0930623807120166	-0.124933352555711	-0.40332412537341	-0.0554066787410747	-0.612147242957876	-0.133323270916973	0.483506326001503	0.564744878463267	-0.0459449555185954	-0.0716731397133366	-0.580716217232181	-0.0581528325314714
GCTCTCCGTAAA	-0.060066094329751	-0.135633045953805	-0.29000851075476	-0.0930623807120166	-0.124933352555711	-0.40332412537341	-0.0554066787410747	2.76707698262564	-0.133323270916973	2.00555715072012	-0.424386049657241	-0.0459449555185954	-0.0716731397133366	-0.580716217232181	-0.0581528325314714
AGTACCACCGAC	-0.060066094329751	-0.135633045953805	-0.29000851075476	10	-0.124933352555711	-0.40332412537341	-0.0554066787410747	-0.612147242957876	-0.133323270916973	1.60300211690184	0.403832816050872	-0.0459449555185954	-0.0716731397133366	-0.580716217232181	-0.0581528325314714
CTACGAGGCTGT	-0.060066094329751	-0.135633045953805	-0.29000851075476	-0.0930623807120166	-0.124933352555711	2.40129725504156	-0.0554066787410747	-0.612147242957876	-0.133323270916973	-0.812389487997032	0.438790958965549	-0.0459449555185954	-0.0716731397133366	2.97526949222656	-0.0581528325314714
GTTATCTTAATG	-0.060066094329751	-0.135633045953805	-0.29000851075476	-0.0930623807120166	-0.124933352555711	-0.40332412537341	-0.0554066787410747	1.6647126910209	-0.133323270916973	-0.812389487997032	-0.424386049657241	-0.0459449555185954	-0.0716731397133366	-0.580716217232181	-0.0581528325314714
AAGCAGTGAGGA	-0.060066094329751	-0.135633045953805	-0.29000851075476	-0.0930623807120166	-0.124933352555711	-0.40332412537341	-0.0554066787410747	-0.612147242957876	-0.133323270916973	-0.812389487997032	3.30348093834963	-0.0459449555185954	-0.0716731397133366	-0.580716217232181	-0.0581528325314714
GGAACACTTTGG	-0.060066094329751	-0.135633045953805	-0.29000851075476	-0.0930623807120166	-0.124933352555711	0.544784890375228	-0.0554066787410747	0.586748003871363	-0.133323270916973	0.187373358575555	-0.424386049657241	-0.0459449555185954	-0.0716731397133366	0.109204603561188	-0.0581528325314714
TAGGACCCTACT	-0.060066094329751	-0.135633045953805	-0.29000851075476	-0.0930623807120166	-0.124933352555711	-0.40332412537341	-0.0554066787410747	-0.612147242957876	-0.133323270916973	-0.812389487997032	-0.424386049657241	-0.0459449555185954	-0.0716731397133366	-0.580716217232181	-0.0581528325314714
ACTGAATAGGCG	-0.060066094329751	-0.135633045953805	-0.29000851075476	-0.0930623807120166	-0.124933352555711	0.492108746566005	-0.0554066787410747	0.905114079177758	-0.133323270916973	1.12447519441811	-0.424386049657241	-0.0459449555185954	-0.0716731397133366	0.917003904259636	-0.0581528325314714
CCTACGCCACGG	-0.060066094329751	-0.135633045953805	3.24326394589644	-0.0930623807120166	-0.124933352555711	-0.40332412537341	-0.0554066787410747	-0.612147242957876	-0.133323270916973	-0.812389487997032	-0.424386049657241	-0.0459449555185954	-0.0716731397133366	-0.580716217232181	-0.0581528325314714
TAGTCGTTTTCT	-0.060066094329751	-0.135633045953805	-0.29000851075476	-0.0930623807120166	-0.124933352555711	-0.40332412537341	-0.0554066787410747	-0.612147242957876	-0.133323270916973	-0.812389487997032	-0.424386049657241	-0.0459449555185954	-0.0716731397133366	1.30724717531744	-0.0581528325314714
CACAGCACTAAN	-0.060066094329751	1.96586092247053	-0.29000851075476	-0.0930623807120166	-0.124933352555711	0.297882282008535	-0.0554066787410747	0.304484558270681	1.82095163630794	0.827042991492079	-0.208576082088098	-0.0459449555185954	-0.0716731397133366	-0.0704617084249584	-0.0581528325314714
AAGGTGATGCAA	-0.060066094329751	-0.135633045953805	-0.29000851075476	-0.0930623807120166	-0.124933352555711	-0.40332412537341	-0.0554066787410747	-0.612147242957876	-0.133323270916973	-0.812389487997032	-0.424386049657241	-0.0459449555185954	-0.0716731397133366	-0.580716217232181	-0.0581528325314714
CGCACGGCCTAG	-0.060066094329751	-0.135633045953805	2.99290803090083	-0.0930623807120166	-0.124933352555711	-0.40332412537341	-0.0554066787410747	-0.612147242957876	-0.133323270916973	0.596096570072599	-0.424386049657241	-0.0459449555185954	-0.0716731397133366	-0.580716217232181	-0.0581528325314714
ATCACTTTCTTG	-0.060066094329751	-0.135633045953805	-0.29000851075476	-0.0930623807120166	-0.124933352555711	-0.40332412537341	-0.0554066787410747	0.751938291330987	-0.133323270916973	0.960304611488641	-0.424386049657241	-0.0459449555185954	-0.0716731397133366	0.765800906966753	-0.0581528325314714
ATGTCAACTCAG	-0.060066094329751	-0.135633045953805	-0.29000851075476	-0.0930623807120166	-0.124933352555711	3.31107704994143	-0.0554066787410747	-0.612147242957876	-0.133323270916973	-0.812389487997032	-0.424386049657241	-0.0459449555185954	-0.0716731397133366	-0.580716217232181	-0.0581528325314714
GGCTGGACAAAA	-0.060066094329751	-0.135633045953805	-0.29000851075476	-0.0930623807120166	-0.124933352555711	2.6529814576711	-0.0554066787410747	-0.612147242957876	-0.133323270916973	2.38438062366421	-0.424386049657241	-0.0459449555185954	-0.0716731397133366	-0.580716217232181	-0.0581528325314714
GAGAAGACGTTA	-0.060066094329751	-0.135633045953805	-0.29000851075476	-0.0930623807120166	-0.124933352555711	-0.40332412537341	-0.0554066787410747	-0.612147242957876	-0.133323270916973	-0.812389487997032	-0.424386049657241	-0.0459449555185954	-0.0716731397133366	-0.580716217232181	-0.0581528325314714
GTTCGCTACTTA	-0.060066094329751	-0.135633045953805	-0.29000851075476	-0.0930623807120166	-0.124933352555711	-0.40332412537341	-0.0554066787410747	-0.612147242957876	-0.133323270916973	-0.812389487997032	3.27628867644425	-0.0459449555185954	-0.0716731397133366	-0.580716217232181	-0.0581528325314714
CGGAGCCTTTTG	-0.060066094329751	-0.135633045953805	-0.29000851075476	-0.0930623807120166	-0.124933352555711	-0.40332412537341	-0.0554066787410747	-0.612147242957876	-0.133323270916973	-0.812389487997032	-0.424386049657241	-0.0459449555185954	-0.0716731397133366	-0.580716217232181	-0.0581528325314714
CAACCCTCCGTT	-0.060066094329751	10	-0.29000851075476	-0.0930623807120166	-0.124933352555711	-0.40332412537341	-0.0554066787410747	-0.612147242957876	-0.133323270916973	1.16941817797548	-0.424386049657241	-0.0459449555185954	-0.0716731397133366	-0.580716217232181	-0.0581528325314714
ATTCATGTCGCC	-0.060066094329751	-0.135633045953805	-0.29000851075476	-0.0930623807120166	-0.124933352555711	-0.40332412537341	-0.0554066787410747	-0.612147242957876	-0.133323270916973	0.878897095383227	-0.424386049657241	-0.0459449555185954	-0.0716731397133366	1.42131906209746	-0.0581528325314714
CATTTTAATCTT	-0.060066094329751	-0.135633045953805	0.541596925367299	-0.0930623807120166	-0.124933352555711	1.37154721723257	-0.0554066787410747	0.913673827274155	-0.133323270916973	-0.812389487997032	-0.101969205883067	-0.0459449555185954	-0.0716731397133366	-0.158373944771294	-0.0581528325314714
CGCCATCGCCGG	-0.060066094329751	-0.135633045953805	-0.29000851075476	-0.0930623807120166	-0.124933352555711	-0.40332412537341	-0.0554066787410747	2.1451935274916	-0.133323270916973	-0.812389487997032	-0.424386049657241	-0.0459449555185954	-0.0716731397133366	-0.580716217232181	-0.0581528325314714
